2   1.72786885245901639344
3   1.98867924528301886792
4   2.17768595041322314049
5   3.06395348837209302325
6   3.31446540880503144654
1   .99811320754716981132
7   3.08187134502923976608
8   3.65972222222222222222
2   1.49858356940509915014
9   3.49006622516556291390
10   3.33544303797468354430
3   2.01908396946564885496
11   3.53691275167785234899
12   3.73758865248226950354
4   2.24152542372881355932
13   4.05384615384615384615
5   2.50710900473933649289
14   3.81884057971014492753
15   4.25000000000000000000
6   3.26543209876543209876
16   4.28455284552845528455
7   3.02285714285714285714
17   4.42857142857142857142
18   4.54310344827586206896
8   3.11176470588235294117
19   4.70535714285714285714
9   3.24539877300613496932
20   4.70535714285714285714
10   3.39102564102564102564
21   4.97169811320754716981
22   4.83486238532110091743
11   3.59863945578231292517
23   5.16666666666666666666
12   3.80575539568345323741
24   5.21782178217821782178
13   3.80575539568345323741
14   3.97744360902255639097
15   4.19841269841269841269
16   4.26612903225806451612
17   4.48305084745762711864
18   4.52136752136752136752
19   4.68141592920353982300
20   4.80909090909090909090
21   4.99056603773584905660
22   5.03809523809523809523
23   5.29000000000000000000
24   5.13592233009708737864
